========================================================================================
** 				INPUT FILE FOR Q4  PROGRAM			      **
** 				-------------------------------			      **
**             			WRITTEN BY:CHAPPARAM SAI BHARATH		      ** 
**			 	 CIVL ENGINEERING  DEPARTMENT                         **
** 			  	BHABHA ATOMIC RESEARCH CENTER            	      **
========================================================================================
1) INPUT NUMBER OF NODES, NUMBER OF ELEMENTS & NUMBER OF RESTRAINTS(DOF) & NL(NODES) (SEPARATED BY SPACE)
----------------------------------------------------------------------------------------
36   25   18  2
----------------------------------------------------------------------------------------
2) INPUT COORDINATES OF EACH NODE

NodeNumber	X-Coordinate	Y-Coordinate
----------------------------------------------------------------------------------------
1	0	0
2	0.2	0
3	0.4	0
4	0.6	0
5	0.8	0
6	1	0
7	0	0.2
8	0.2	0.2
9	0.4	0.2
10	0.6	0.2
11	0.8	0.2
12	1	0.2
13	0	0.4
14	0.2	0.4
15	0.4	0.4
16	0.6	0.4
17	0.8	0.4
18	1	0.4
19	0	0.6
20	0.2	0.6
21	0.4	0.6
22	0.6	0.6
23	0.8	0.6
24	1	0.6
25	0	0.8
26	0.2	0.8
27	0.4	0.8
28	0.6	0.8
29	0.8	0.8
30	1	0.8
31	0	1
32	0.2	1
33	0.4	1
34	0.6	1
35	0.8	1
36	1	1
----------------------------------------------------------------------------------------
3) INPUT CONNECTIVITY, GEOMETRY DATA AND MATERIAL PROPERTIES FOR ALL ELEMENTS:

Number    Node1	Node2  NOde 3 Node 4   Material THickness  (E)    possion ratio
----------------------------------------------------------------------------------------
1	1	2	8	7	1	1	1000	0.3
2	2	3	9	8	1	1	1000	0.3
3	3	4	10	9	1	1	1000	0.3
4	4	5	11	10	1	1	1000	0.3
5	5	6	12	11	1	1	1000	0.3
6	7	8	14	13	1	1	1000	0.3
7	8	9	15	14	1	1	1000	0.3
8	9	10	16	15	1	1	1000	0.3
9	10	11	17	16	1	1	1000	0.3
10	11	12	18	17	1	1	1000	0.3
11	13	14	20	19	1	1	1000	0.3
12	14	15	21	20	1	1	1000	0.3
13	15	16	22	21	1	1	1000	0.3
14	16	17	23	22	1	1	1000	0.3
15	17	18	24	23	1	1	1000	0.3
16	19	20	26	25	1	1	1000	0.3
17	20	21	27	26	1	1	1000	0.3
18	21	22	28	27	1	1	1000	0.3
19	22	23	29	28	1	1	1000	0.3
20	23	24	30	29	1	1	1000	0.3
21	25	26	32	31	1	1	1000	0.3
22	26	27	33	32	1	1	1000	0.3
23	27	28	34	33	1	1	1000	0.3
24	28	29	35	34	1	1	1000	0.3
25	29	30	36	35	1	1	1000	0.3
----------------------------------------------------------------------------------------
4) INPUT RESTRAINED DEGREE OF FREEDOM (SEPARATE BY SPACE)
----------------------------------------------------------------------------------------
1	7	13	19	25	31	2	14	26	38	50	62	6	12	18	24	30	36
0	0	0	0	0	0	0	0	0	0	0	0	0.01	0.01	0.01	0.01	0.01	0.01
----------------------------------------------------------------------------------------
5) INPUT FORCES AT EACH NODE

Number 			       AT NODE				            
	        --------------------------------------------------------------------------------
		X- Dirn		Y- Dirn			       			
--------------------------------------------------------------------------------------------------------
3		0		0
4   	        0               0
--------------------------------------------------------------------------------------------------------



